20 0 [133 176 207]
20 1 [165 207 237]
20 2 [188 225 250]
20 3 [203 233 254]
20 4 [221 246 255]
20 5 [239 254 255]
20 6 [251 255 255]
20 7 [255 255 255]
20 8 [255 255 255]
20 9 [241 235 229]
20 10 [205 192 178]
20 11 [170 155 145]
20 12 [159 145 138]
20 13 [133 123 120]
20 14 [131 124 126]
20 15 [122 120 124]
20 16 [114 116 122]
20 17 [115 121 128]
20 18 [102 111 117]
20 19 [ 97 107 112]
20 20 [101 109 114]
20 21 [104 112 117]
20 22 [103 111 116]
20 23 [102 110 115]
20 24 [103 111 116]
20 25 [100 108 113]
20 26 [104 112 117]
20 27 [102 109 115]
20 28 [103 111 115]
20 29 [102 110 114]
20 30 [102 111 116]
20 31 [100 108 114]
20 32 [ 97 106 113]
20 33 [100 107 117]
20 34 [ 99 109 117]
20 35 [ 98 111 118]
20 36 [ 97 112 118]
20 37 [ 98 110 117]
20 38 [100 109 117]
20 39 [107 112 122]
21 0 [129 172 201]
21 1 [162 204 230]
21 2 [187 223 245]
21 3 [206 236 253]
21 4 [226 247 255]
21 5 [246 253 255]
21 6 [254 255 255]
21 7 [255 255 255]
21 8 [255 255 251]
21 9 [238 231 223]
21 10 [198 180 171]
21 11 [169 154 146]
21 12 [148 135 130]
21 13 [140 131 129]
21 14 [135 127 133]
21 15 [119 114 121]
21 16 [121 119 127]
21 17 [115 115 123]
21 18 [114 116 124]
21 19 [111 114 120]
21 20 [106 109 115]
21 21 [106 110 116]
21 22 [105 112 117]
21 23 [103 110 116]
21 24 [107 112 118]
21 25 [103 109 114]
21 26 [107 115 119]
21 27 [103 114 117]
21 28 [103 113 116]
21 29 [101 111 112]
21 30 [101 111 112]
21 31 [103 111 113]
21 32 [ 99 109 109]
21 33 [101 113 112]
21 34 [ 99 111 111]
21 35 [100 113 113]
21 36 [101 112 114]
21 37 [100 109 113]
21 38 [102 110 115]
21 39 [100 107 113]
22 0 [134 180 207]
22 1 [165 208 232]
22 2 [192 228 248]
22 3 [208 236 252]
22 4 [224 247 254]
22 5 [244 253 255]
22 6 [254 255 255]
22 7 [255 255 255]
22 8 [255 255 250]
22 9 [238 234 221]
22 10 [190 175 163]
22 11 [166 153 143]
22 12 [143 133 127]
22 13 [143 139 134]
22 14 [133 133 133]
22 15 [115 116 119]
22 16 [122 125 130]
22 17 [118 123 129]
22 18 [119 126 131]
22 19 [114 122 127]
22 20 [106 113 119]
22 21 [102 109 115]
22 22 [ 98 106 111]
22 23 [ 98 107 112]
22 24 [ 99 109 115]
22 25 [100 110 116]
22 26 [ 98 107 111]
22 27 [111 120 123]
22 28 [ 97 109 112]
22 29 [102 114 116]
22 30 [ 94 105 107]
22 31 [ 98 108 111]
22 32 [102 109 114]
22 33 [104 109 116]
22 34 [103 106 113]
22 35 [ 98 100 108]
22 36 [101 104 112]
22 37 [106 109 116]
22 38 [103 107 114]
22 39 [ 98 102 108]
23 0 [130 182 210]
23 1 [163 213 239]
23 2 [185 229 250]
23 3 [202 239 254]
23 4 [222 250 255]
23 5 [242 255 255]
23 6 [254 255 255]
23 7 [255 255 255]
23 8 [255 255 251]
23 9 [240 238 224]
23 10 [182 174 160]
23 11 [159 151 142]
23 12 [147 136 134]
23 13 [137 134 131]
23 14 [123 124 123]
23 15 [116 121 119]
23 16 [108 117 115]
23 17 [109 119 117]
23 18 [114 123 123]
23 19 [110 121 121]
23 20 [103 115 115]
23 21 [103 114 114]
23 22 [101 111 112]
23 23 [ 98 107 108]
23 24 [103 113 116]
23 25 [ 99 109 115]
23 26 [ 91 100 105]
23 27 [109 115 121]
23 28 [ 99 107 113]
23 29 [104 113 118]
23 30 [ 89  99 104]
23 31 [ 90 101 106]
23 32 [102 113 119]
23 33 [ 91 103 108]
23 34 [ 93 104 108]
23 35 [104 113 116]
23 36 [ 96 104 107]
23 37 [ 99 108 112]
23 38 [ 99 107 112]
23 39 [ 96 103 107]
24 0 [134 178 210]
24 1 [168 209 239]
24 2 [186 223 247]
24 3 [207 239 253]
24 4 [229 251 255]
24 5 [246 255 255]
24 6 [255 255 255]
24 7 [255 255 255]
24 8 [254 253 250]
24 9 [240 237 222]
24 10 [176 171 158]
24 11 [153 151 145]
24 12 [138 137 139]
24 13 [126 128 133]
24 14 [111 117 124]
24 15 [109 117 126]
24 16 [104 113 124]
24 17 [104 114 124]
24 18 [101 111 120]
24 19 [100 110 118]
24 20 [102 112 120]
24 21 [100 111 118]
24 22 [103 116 120]
24 23 [ 99 111 114]
24 24 [103 113 117]
24 25 [103 110 116]
24 26 [ 98 107 113]
24 27 [ 97 107 113]
24 28 [107 115 120]
24 29 [105 110 117]
24 30 [107 110 118]
24 31 [108 111 119]
24 32 [112 114 122]
24 33 [109 111 119]
24 34 [106 110 117]
24 35 [113 120 125]
24 36 [111 119 124]
24 37 [106 115 120]
24 38 [102 110 115]
24 39 [102 111 115]
25 0 [134 179 205]
25 1 [165 208 233]
25 2 [186 226 248]
25 3 [204 239 253]
25 4 [224 250 255]
25 5 [244 255 255]
25 6 [254 255 255]
25 7 [255 255 255]
25 8 [253 251 248]
25 9 [237 228 213]
25 10 [179 168 154]
25 11 [158 151 141]
25 12 [135 133 128]
25 13 [129 133 131]
25 14 [111 119 122]
25 15 [107 115 120]
25 16 [107 115 121]
25 17 [106 114 120]
25 18 [104 113 119]
25 19 [105 113 120]
25 20 [106 115 122]
25 21 [102 112 120]
25 22 [102 115 121]
25 23 [ 98 113 119]
25 24 [ 97 110 116]
25 25 [106 116 122]
25 26 [102 114 120]
25 27 [ 96 110 115]
25 28 [107 121 126]
25 29 [105 117 122]
25 30 [102 114 118]
25 31 [105 116 122]
25 32 [ 99 109 118]
25 33 [ 94 102 113]
25 34 [ 98 106 117]
25 35 [104 113 121]
25 36 [104 115 121]
25 37 [104 115 120]
25 38 [103 113 118]
25 39 [102 111 116]
26 0 [137 181 208]
26 1 [166 209 234]
26 2 [190 229 250]
26 3 [205 240 254]
26 4 [223 249 255]
26 5 [242 255 255]
26 6 [254 255 255]
26 7 [255 255 255]
26 8 [252 251 249]
26 9 [230 223 205]
26 10 [175 163 149]
26 11 [165 155 147]
26 12 [140 132 130]
26 13 [138 134 136]
26 14 [132 134 139]
26 15 [118 123 129]
26 16 [112 119 124]
26 17 [111 119 124]
26 18 [108 115 121]
26 19 [107 113 119]
26 20 [108 115 121]
26 21 [106 114 121]
26 22 [104 113 121]
26 23 [102 114 122]
26 24 [ 99 112 118]
26 25 [107 120 125]
26 26 [100 114 118]
26 27 [102 116 121]
26 28 [107 119 124]
26 29 [107 116 121]
26 30 [104 113 117]
26 31 [103 114 117]
26 32 [102 115 118]
26 33 [101 113 118]
26 34 [101 112 119]
26 35 [ 97 106 113]
26 36 [ 97 106 111]
26 37 [104 115 119]
26 38 [ 99 111 114]
26 39 [ 98 108 111]
27 0 [140 185 211]
27 1 [167 211 235]
27 2 [189 229 249]
27 3 [207 240 254]
27 4 [226 249 255]
27 5 [245 255 255]
27 6 [255 255 255]
27 7 [255 255 255]
27 8 [251 251 249]
27 9 [214 212 194]
27 10 [170 165 151]
27 11 [154 150 143]
27 12 [139 136 135]
27 13 [131 130 133]
27 14 [126 127 134]
27 15 [117 122 129]
27 16 [113 122 127]
27 17 [112 123 128]
27 18 [108 120 125]
27 19 [104 116 122]
27 20 [103 115 121]
27 21 [105 116 123]
27 22 [105 115 122]
27 23 [107 116 126]
27 24 [105 114 122]
27 25 [108 117 124]
27 26 [113 121 128]
27 27 [107 114 121]
27 28 [110 115 124]
27 29 [116 116 129]
27 30 [112 113 125]
27 31 [107 113 121]
27 32 [109 118 123]
27 33 [110 119 124]
27 34 [108 117 122]
27 35 [102 109 114]
27 36 [ 98 103 110]
27 37 [109 115 122]
27 38 [ 99 106 113]
27 39 [104 112 116]
28 0 [145 186 218]
28 1 [170 212 240]
28 2 [192 230 252]
28 3 [211 242 254]
28 4 [230 250 255]
28 5 [247 255 255]
28 6 [255 255 255]
28 7 [255 255 255]
28 8 [254 253 252]
28 9 [213 203 189]
28 10 [175 162 148]
28 11 [157 148 137]
28 12 [143 139 134]
28 13 [130 132 129]
28 14 [116 125 124]
28 15 [112 123 125]
28 16 [112 124 127]
28 17 [110 122 126]
28 18 [107 121 124]
28 19 [106 120 124]
28 20 [103 119 121]
28 21 [103 118 121]
28 22 [101 118 121]
28 23 [101 117 122]
28 24 [103 119 123]
28 25 [104 121 125]
28 26 [106 123 127]
28 27 [104 119 123]
28 28 [104 119 122]
28 29 [105 118 121]
28 30 [103 115 119]
28 31 [103 114 119]
28 32 [105 115 121]
28 33 [106 116 121]
28 34 [106 115 121]
28 35 [104 112 118]
28 36 [100 108 114]
28 37 [105 112 119]
28 38 [103 108 117]
28 39 [107 112 121]
29 0 [146 191 218]
29 1 [172 215 241]
29 2 [194 233 254]
29 3 [212 244 255]
29 4 [231 254 255]
29 5 [249 255 255]
29 6 [255 255 255]
29 7 [255 255 255]
29 8 [255 255 249]
29 9 [212 198 183]
29 10 [177 165 151]
29 11 [153 145 137]
29 12 [142 138 137]
29 13 [132 134 136]
29 14 [117 126 129]
29 15 [106 119 123]
29 16 [107 120 125]
29 17 [108 121 127]
29 18 [106 118 124]
29 19 [108 119 125]
29 20 [110 120 125]
29 21 [107 117 121]
29 22 [106 118 122]
29 23 [104 119 125]
29 24 [104 119 123]
29 25 [108 120 125]
29 26 [105 117 122]
29 27 [104 116 121]
29 28 [108 121 126]
29 29 [109 121 126]
29 30 [106 118 122]
29 31 [105 118 122]
29 32 [103 115 119]
29 33 [101 110 114]
29 34 [105 112 116]
29 35 [102 113 117]
29 36 [ 98 113 115]
29 37 [ 96 112 113]
29 38 [100 114 115]
29 39 [102 113 116]
30 0 [149 196 220]
30 1 [174 220 240]
30 2 [194 236 252]
30 3 [211 247 254]
30 4 [229 255 255]
30 5 [246 255 255]
30 6 [255 255 255]
30 7 [255 255 255]
30 8 [255 255 237]
30 9 [201 193 172]
30 10 [180 169 151]
30 11 [157 148 137]
30 12 [139 137 132]
30 13 [135 136 138]
30 14 [126 130 135]
30 15 [112 120 126]
30 16 [109 119 125]
30 17 [111 122 129]
30 18 [107 119 126]
30 19 [106 116 125]
30 20 [109 117 127]
30 21 [113 116 128]
30 22 [111 115 125]
30 23 [111 117 125]
30 24 [109 117 122]
30 25 [111 119 124]
30 26 [111 119 125]
30 27 [109 115 125]
30 28 [112 116 127]
30 29 [114 119 128]
30 30 [111 117 125]
30 31 [109 118 124]
30 32 [107 118 124]
30 33 [100 109 115]
30 34 [105 111 118]
30 35 [105 113 118]
30 36 [101 110 115]
30 37 [ 99 111 114]
30 38 [ 99 112 115]
30 39 [102 116 118]
31 0 [157 198 226]
31 1 [180 222 244]
31 2 [196 236 252]
31 3 [215 246 253]
31 4 [236 255 255]
31 5 [249 255 255]
31 6 [255 255 255]
31 7 [255 255 255]
31 8 [255 250 236]
31 9 [201 188 171]
31 10 [180 162 149]
31 11 [164 148 140]
31 12 [144 134 133]
31 13 [137 132 136]
31 14 [130 130 137]
31 15 [118 122 130]
31 16 [118 124 130]
31 17 [115 125 129]
31 18 [112 122 125]
31 19 [111 122 124]
31 20 [101 114 116]
31 21 [102 115 118]
31 22 [112 124 127]
31 23 [108 119 123]
31 24 [108 118 123]
31 25 [111 119 125]
31 26 [108 117 123]
31 27 [106 115 121]
31 28 [110 117 124]
31 29 [113 120 126]
31 30 [113 119 123]
31 31 [111 118 121]
31 32 [111 119 122]
31 33 [107 114 122]
31 34 [105 112 123]
31 35 [105 110 121]
31 36 [104 107 119]
31 37 [110 112 123]
31 38 [110 112 120]
31 39 [107 113 118]
32 0 [162 199 227]
32 1 [186 224 247]
32 2 [200 236 254]
32 3 [215 244 255]
32 4 [236 255 255]
32 5 [251 255 255]
32 6 [255 255 255]
32 7 [255 255 255]
32 8 [252 238 228]
32 9 [205 187 176]
32 10 [174 156 147]
32 11 [159 144 138]
32 12 [143 133 132]
32 13 [132 126 130]
32 14 [126 125 131]
32 15 [119 122 130]
32 16 [121 128 134]
32 17 [117 128 133]
32 18 [112 121 126]
32 19 [114 122 127]
32 20 [115 120 126]
32 21 [110 112 120]
32 22 [119 123 131]
32 23 [118 125 132]
32 24 [111 120 126]
32 25 [109 119 124]
32 26 [107 117 122]
32 27 [106 116 121]
32 28 [111 120 124]
32 29 [113 122 124]
32 30 [111 119 120]
32 31 [110 116 117]
32 32 [112 116 116]
32 33 [115 119 121]
32 34 [110 115 120]
32 35 [103 110 115]
32 36 [103 113 118]
32 37 [106 115 118]
32 38 [107 112 115]
32 39 [110 113 117]
33 0 [160 202 229]
33 1 [183 223 245]
33 2 [198 235 251]
33 3 [221 249 255]
33 4 [238 255 255]
33 5 [255 255 255]
33 6 [255 255 255]
33 7 [255 255 255]
33 8 [244 231 224]
33 9 [198 181 173]
33 10 [168 151 147]
33 11 [152 141 138]
33 12 [137 133 132]
33 13 [126 127 128]
33 14 [119 122 125]
33 15 [117 122 127]
33 16 [119 125 130]
33 17 [118 126 130]
33 18 [113 121 124]
33 19 [115 121 124]
33 20 [122 125 129]
33 21 [120 120 125]
33 22 [121 123 128]
33 23 [116 120 124]
33 24 [114 119 123]
33 25 [113 121 125]
33 26 [109 118 122]
33 27 [109 117 121]
33 28 [116 124 128]
33 29 [116 125 127]
33 30 [113 121 123]
33 31 [111 117 119]
33 32 [109 113 115]
33 33 [109 114 117]
33 34 [108 116 118]
33 35 [107 113 117]
33 36 [107 111 116]
33 37 [100 105 111]
33 38 [105 112 117]
33 39 [103 111 116]
34 0 [159 206 231]
34 1 [181 223 245]
34 2 [200 235 253]
34 3 [220 247 255]
34 4 [242 255 255]
34 5 [254 255 255]
34 6 [255 255 255]
34 7 [255 255 255]
34 8 [234 224 217]
34 9 [191 177 167]
34 10 [165 152 144]
34 11 [149 140 135]
34 12 [132 133 130]
34 13 [124 132 131]
34 14 [117 127 129]
34 15 [112 122 127]
34 16 [107 118 123]
34 17 [114 125 133]
34 18 [110 120 124]
34 19 [108 117 119]
34 20 [111 120 121]
34 21 [110 118 119]
34 22 [111 119 122]
34 23 [112 119 124]
34 24 [110 117 123]
34 25 [109 117 123]
34 26 [108 116 120]
34 27 [108 116 119]
34 28 [116 125 127]
34 29 [116 127 126]
34 30 [119 129 129]
34 31 [120 127 129]
34 32 [108 113 116]
34 33 [100 106 109]
34 34 [112 120 125]
34 35 [109 117 122]
34 36 [105 113 118]
34 37 [107 113 117]
34 38 [108 113 116]
34 39 [106 112 113]
35 0 [168 213 240]
35 1 [182 228 246]
35 2 [200 244 255]
35 3 [218 252 255]
35 4 [237 255 255]
35 5 [253 255 255]
35 6 [255 255 255]
35 7 [255 255 255]
35 8 [231 223 216]
35 9 [192 180 169]
35 10 [167 157 147]
35 11 [150 143 137]
35 12 [132 131 128]
35 13 [126 131 131]
35 14 [120 131 133]
35 15 [108 123 128]
35 16 [ 93 107 113]
35 17 [116 125 138]
35 18 [109 118 131]
35 19 [109 118 130]
35 20 [108 119 128]
35 21 [104 117 123]
35 22 [108 119 125]
35 23 [110 120 126]
35 24 [109 118 125]
35 25 [108 117 124]
35 26 [106 115 121]
35 27 [105 115 119]
35 28 [112 122 125]
35 29 [107 120 121]
35 30 [119 132 132]
35 31 [114 125 127]
35 32 [108 117 122]
35 33 [107 115 119]
35 34 [109 117 120]
35 35 [102 110 113]
35 36 [103 111 115]
35 37 [110 118 123]
35 38 [113 120 125]
35 39 [109 116 120]
36 0 [160 211 229]
36 1 [186 232 244]
36 2 [202 243 251]
36 3 [215 251 251]
36 4 [239 255 255]
36 5 [252 255 255]
36 6 [255 255 255]
36 7 [255 255 252]
36 8 [230 222 211]
36 9 [194 181 167]
36 10 [169 159 150]
36 11 [156 148 143]
36 12 [136 133 133]
36 13 [123 125 129]
36 14 [117 125 130]
36 15 [113 123 132]
36 16 [108 119 126]
36 17 [111 120 127]
36 18 [111 121 130]
36 19 [106 115 127]
36 20 [106 116 128]
36 21 [104 114 126]
36 22 [109 118 129]
36 23 [114 119 130]
36 24 [113 117 128]
36 25 [112 118 128]
36 26 [109 117 126]
36 27 [105 115 123]
36 28 [109 120 127]
36 29 [105 118 124]
36 30 [105 118 124]
36 31 [107 120 124]
36 32 [108 120 124]
36 33 [106 116 121]
36 34 [102 110 116]
36 35 [ 98 106 111]
36 36 [101 109 114]
36 37 [104 113 118]
36 38 [103 114 120]
36 39 [102 114 120]
37 0 [169 213 241]
37 1 [194 235 252]
37 2 [206 244 252]
37 3 [223 253 254]
37 4 [242 255 255]
37 5 [253 255 255]
37 6 [255 255 255]
37 7 [255 255 249]
37 8 [228 221 207]
37 9 [191 177 161]
37 10 [168 154 144]
37 11 [156 145 140]
37 12 [137 133 131]
37 13 [125 127 130]
37 14 [116 120 125]
37 15 [112 120 125]
37 16 [118 128 133]
37 17 [109 120 126]
37 18 [108 118 126]
37 19 [106 117 125]
37 20 [106 116 125]
37 21 [106 116 125]
37 22 [107 117 125]
37 23 [110 118 127]
37 24 [111 117 127]
37 25 [110 117 127]
37 26 [110 118 128]
37 27 [106 116 124]
37 28 [104 115 121]
37 29 [116 125 130]
37 30 [115 119 123]
37 31 [116 121 123]
37 32 [114 116 119]
37 33 [109 112 116]
37 34 [109 112 118]
37 35 [106 110 116]
37 36 [104 107 114]
37 37 [103 108 113]
37 38 [102 109 113]
37 39 [100 109 113]
38 0 [175 211 241]
38 1 [197 232 253]
38 2 [212 244 254]
38 3 [227 251 255]
38 4 [246 254 255]
38 5 [254 255 255]
38 6 [255 255 255]
38 7 [255 251 245]
38 8 [229 218 206]
38 9 [188 172 161]
38 10 [169 152 145]
38 11 [157 139 137]
38 12 [143 130 131]
38 13 [136 125 132]
38 14 [129 124 133]
38 15 [118 115 131]
38 16 [121 124 135]
38 17 [115 122 130]
38 18 [116 123 130]
38 19 [115 120 128]
38 20 [115 120 128]
38 21 [112 118 125]
38 22 [109 116 124]
38 23 [109 117 125]
38 24 [109 118 126]
38 25 [108 117 125]
38 26 [107 117 125]
38 27 [102 115 120]
38 28 [107 120 125]
38 29 [110 123 126]
38 30 [107 118 122]
38 31 [109 118 121]
38 32 [111 115 120]
38 33 [108 112 118]
38 34 [110 116 121]
38 35 [109 116 121]
38 36 [104 110 116]
38 37 [101 107 112]
38 38 [102 108 111]
38 39 [102 107 110]
39 0 [175 214 243]
39 1 [200 233 254]
39 2 [216 243 255]
39 3 [230 251 255]
39 4 [247 255 255]
39 5 [254 255 255]
39 6 [255 255 255]
39 7 [253 246 240]
39 8 [231 213 201]
39 9 [190 168 159]
39 10 [167 149 143]
39 11 [155 139 137]
39 12 [135 123 126]
39 13 [127 120 128]
39 14 [130 127 135]
39 15 [118 118 127]
39 16 [119 123 130]
39 17 [115 122 128]
39 18 [113 121 126]
39 19 [114 120 126]
39 20 [114 118 127]
39 21 [112 115 125]
39 22 [112 114 125]
39 23 [114 118 129]
39 24 [113 118 129]
39 25 [113 117 130]
39 26 [113 115 128]
39 27 [109 111 123]
39 28 [115 116 125]
39 29 [116 120 128]
39 30 [113 117 127]
39 31 [108 114 121]
39 32 [108 115 121]
39 33 [107 113 117]
39 34 [108 113 116]
39 35 [110 115 118]
39 36 [107 112 117]
39 37 [102 108 114]
39 38 [ 99 106 113]
39 39 [ 98 105 112]
{u'erode': 0.0, u'min': array([  45.,   56.,  189.]), u'max': array([  94.,  176.,  236.]), u'blur': 5, u'close': 0, u'open': 0.0, u'contrast': 87.0}
{u'erode': 0.0, u'min': array([  45.,   56.,  189.]), u'max': array([  94.,  176.,  236.]), u'blur': 5, u'close': 0, u'open': 0.0, u'contrast': 87.0}
{u'erode': 0.0, u'min': array([  45.,   56.,  189.]), u'max': array([  94.,  176.,  236.]), u'blur': 5, u'close': 0, u'open': 0.0, u'contrast': 87.0}
{u'erode': 0.0, u'min': array([ 117.,  162.,   91.]), u'max': array([ 188.,  255.,  237.]), u'blur': 0, u'close': 0, u'open': 0.0, u'contrast': 0.0}
{u'erode': 0.0, u'min': array([  45.,   56.,  189.]), u'max': array([  94.,  176.,  236.]), u'blur': 5, u'close': 0, u'open': 0.0, u'contrast': 87.0}
{'their_attacker': x: 0, y: 0, angle: 0, velocity: 0
, 'our_defender': x: 0, y: 0, angle: 0, velocity: 0
, 'our_attacker': x: 0, y: 0, angle: 0, velocity: 0
, 'ball': x: 165, y: 157, angle: 0.76063542423, velocity: 228.465533506
, 'their_defender': x: 0, y: 0, angle: 0, velocity: 0
}
